l1 FISTA: 0.9975487033931105 & 84.85887043463845

l0: x_BB: 0.9851632047477745 & 8.44495375699535
x_mBB: 0.9898077667397756 & 21.14883904531199
x_nmBB: 0.9883885950199974 & 17.47545465779485
x_mAPGLS: 0.9868404076893305 & 14.176051509969627
x_nmAPGLS: 0.9916139852922203 & 29.890577817844406
x_nmAPGLS2: 0.9880015481873307 & 13.365295122634272
x_newAPG_vs: 0.9939362662882208 & 41.418396143592226
x_newAPG_vs_x_2: 0.993807250677332 & 40.11563800846403
x_newAPG_vs_y_2: 0.9943233131208876 & 41.53252745580366