l1 FISTA: 0.9975487033931105 & 84.85887043463845
x_BB: 0.995355438007999 & 134.3862194248081
x_mBB: 0.9960005160624436 & 46.84890145803832
x_nmBB: 0.9961295316733325 & 46.7434429917088
x_mAPGLS: 0.9975487033931105 & 55.54526230251821
x_nmAPGLS: 0.9967746097277771 & 48.394799361187864
x_nmAPGLS2: 0.998451812669333 & 68.64283210878602
x_newAPG_vs: 0.9989678751128886 & 82.03947175779209
x_newAPG_vs_x_2: 0.9989678751128886 & 82.03947175779197
x_newAPG_vs_y_2: 0.9985808282802219 & 77.96856409349074