l1 FISTA: 0.99755859375 & 34.788524065440924
x_BB: 0.99658203125 & 16.038271456640732
x_mBB: 0.99658203125 & 15.940026627606327
x_nmBB: 0.99658203125 & 15.940026627606327
x_mAPG: 0.99853515625 & 30.98920537987025
x_nmAPG: 0.99853515625 & 30.98920539459985
x_mAPGLS: 0.99658203125 & 15.94002662756568
x_nmAPGLS: 0.99658203125 & 15.940026627561549
x_nmAPGLS2: 0.99658203125 & 15.940026627562817
x_PG: 0.99853515625 & 30.989205357816207
x_FISTA: 0.99853515625 & 30.989205357390837
x_IBPGmLS: 0.99853515625 & 30.989205357692626
x_IBPGmLSLf: 0.998779296875 & 37.064234555896796
x_IBPGnmLS: 0.99853515625 & 30.989205357668734
x_IBPGnmLSLf: 0.998779296875 & 37.06423455590753
x_newAPG_vs: 0.99658203125 & 15.940026628726217
x_newAPG_vs_x_2: 0.99658203125 & 15.940026628726217
x_newAPG_vs_y_2: 0.99658203125 & 15.940026628726217

l1 FISTA: 0.99755859375 & 34.788524065440924
x_BB: 0.99658203125 & 16.038271456640732
x_mBB: 0.99658203125 & 15.940026627606327
x_nmBB: 0.99658203125 & 15.940026627606327
x_mAPGLS: 0.99658203125 & 15.94002662756568
x_nmAPGLS: 0.99658203125 & 15.940026627561549
x_nmAPGLS2: 0.99658203125 & 15.940026627562817
x_newAPG_vs: 0.99658203125 & 15.940026628726217
x_newAPG_vs_x_2: 0.99658203125 & 15.940026628726217
x_newAPG_vs_y_2: 0.99658203125 & 15.940026628726217