l1 FISTA: 0.9965591945966611 & 72.7158980363074
x_BB: 0.9485153561870778 & 1369.585059959704
x_mBB: 0.9859819039123232 & 11.368538234189312
x_nmBB: 0.9875111507582516 & 11.477952180043404
x_mAPGLS: 0.9880208997068943 & 12.246703350060473
x_nmAPGLS: 0.9843252198292342 & 8.488324766938817
x_nmAPGLS2: 0.9896775837899834 & 21.380292012414486
x_newAPG_vs: 0.9938830126162865 & 39.29669956561378
x_newAPG_vs_x_2: 0.9929909519561616 & 37.34534214558006
x_newAPG_vs_y_2: 0.993628138141965 & 39.36697185597419