l1 FISTA: 0.9965591945966611 & 72.7158980363074
x_BB: 0.9937555753791257 & 66.8281867114522
x_mBB: 0.9964317573595004 & 43.195121573003966
x_nmBB: 0.994902510513572 & 34.795231911214
x_mAPGLS: 0.9956671339365363 & 42.269414750780406
x_nmAPGLS: 0.9955396966993756 & 34.815285969885615
x_nmAPGLS2: 0.9975786924939467 & 52.75947452503397
x_newAPG_vs: 0.9988530648655537 & 88.3487855741352
x_newAPG_vs_x_2: 0.9985981903912323 & 86.72683930417867
x_newAPG_vs_y_2: 0.9988530648655537 & 83.62685394102762