l1 FISTA: 0.997235219055721 & 2.5902884601717857
x_BB: 0.6114419396001701 & 22.726425500154587
x_mBB: 0.9982985963419821 & 1.9366599443970167
x_nmBB: 0.9980859208847299 & 1.6594494219503353
x_mAPG: 0.9997873245427478 & 6.988888891468339
x_nmAPG: 0.9997873245427478 & 6.9888888890727126
x_mAPGLS: 0.9978732454274777 & 1.3202484986451455
x_nmAPGLS: 0.9978732454274777 & 1.6780492881680042
x_nmAPGLS2: 0.9978732454274777 & 1.3984731978070355
x_PG: 0.9997873245427478 & 6.988923715545372
x_FISTA: 0.9997873245427478 & 6.988889481763161
x_IBPGmLS: 0.9978732454274777 & 2.273000614801337
x_IBPGmLSLf: 0.9997873245427478 & 6.988888888889467
x_IBPGnmLS: 0.9976605699702255 & 2.2212326483793
x_IBPGnmLSLf: 0.9997873245427478 & 6.988888888888895
x_newAPG_vs: 0.9978732454274777 & 2.3643220131684095
x_newAPG_vs_x_2: 0.9978732454274777 & 2.3643220171915433
x_newAPG_vs_y_2: 0.9978732454274777 & 2.3643220171915433

l1 FISTA: 0.997235219055721 & 2.5902884601717857
x_mBB: 0.9982985963419821 & 1.9366599443970167
x_nmBB: 0.9980859208847299 & 1.6594494219503353
x_mAPG: 0.9997873245427478 & 6.988888891468339
x_nmAPG: 0.9997873245427478 & 6.9888888890727126
x_mAPGLS: 0.9978732454274777 & 1.3202484986451455
x_nmAPGLS: 0.9978732454274777 & 1.6780492881680042
x_nmAPGLS2: 0.9978732454274777 & 1.3984731978070355
x_PG: 0.9997873245427478 & 6.988923715545372
x_FISTA: 0.9997873245427478 & 6.988889481763161
x_IBPGmLSLf: 0.9997873245427478 & 6.988888888889467
x_IBPGnmLSLf: 0.9997873245427478 & 6.988888888888895
x_newAPG_vs: 0.9978732454274777 & 2.3643220131684095
x_newAPG_vs_x_2: 0.9978732454274777 & 2.3643220171915433
x_newAPG_vs_y_2: 0.9978732454274777 & 2.3643220171915433